Π .

9616616116 (6616611666), 61161 6016116111166606-

616 dux 61 6106616116 regni Polo. 661.

- 1611666, dux 61 6066116661 Polo.
97. 99. 99. 101. 199. 199. 999. 999. 999.
999. 969. 969. 606-691. 699-666. 696.
696. 677. 660. 901. 909. ζ906. 910. 9·.11
966. 966-966.

- 7166166 011166166616,96.466.

- dux 0601166616 7. 19.

- 6611666066, dux 1116611166 69.

6616661116, 66166616, 6016666116 (60166666) 611. 6.

6. (1. 17116166 61. 661. 646.
6666666616, taberna 6. p. (1. 60166666 960.
6611666, arma 664.

66606166, 611. 6. 6. 1 66666106166661.
6666661061 (7) 611. 446.
66161, 611. 6. 6. (1. (16· 66. 146. 164.

- 61,16. p. (1. 1116661667.
901161666, 166101 11611661 minorum 660.

Ι6111116161666 (6011016166) 611. h. e. p. 61066 0661.
ἶ. 61166660 467.

661616, 661066010166) 611. 11 6. 6. 6106676-

91011061611.616-616. 696. 699.

9610616 (7) 611. 6. 6. (1. 6166166106 674.
6010676, praedium in vil. Ormi (7) 779.

· 96106666 (7) 611. 96.
66161660, 611. 11. 6. 6. 61066 0661116166 151664.
6666661666 6166161. 6117166661 (16 6116 1661166·

11166 61 1161666 957.

6661161666, 1101666666 (1101011166) 611 6. 6. (1. Κο-

6616166 666.

9616166616, 60161166( (6616616161) 611. 6. 6. (1.

066160 61. 66. 69.
16 6666166111 06161606, 666011 016006. 166.

9666666666, 611 (1666116, 01116 ι 6. (1 Jm
9161111166166660 (6166166) 611

6η616660676666 (7) 611. 11 (1.6. 16 M
06666. 94

6161111616 (11161166) 611. 6 p 1 6966906166
969.

616166661666 (6161666666) 611 6 6.1 0161161
614.

6166, 6116. 6. (1. 06611616 199.

61111 (Β1616) 611

6116611166, torrens 166.

616116, 616116 (1116116) 611 6 6 1 Ρ66666 149.
6161111819 16116. p. (1611610 9166.

· 6166166166 castellanus (16 61666 666.

616606166, 611. 6. 6. (1. 61616166 66.
6166061666 (6161166166) 611. 6. 6. (1. 6616611611·
00 910.

- - 611. 6. 6. (1. 76106666 697.
61666666 (11106166) 611. 6. 6. (1. 1166016106 967.
61616616, 6116. 6. (1. 7116616116 466.

61616666, 611 prope 0661. 11161416 160.
6166666061, vil. (1666116, olim 6. 6. d. 1161616666

196.

616666666616 1116166, Βι6666616 176166 (7)611

h. 6. 6. 166.

616606616661610666166) 611

6166606616111601 (16 arm. Topor 64.

61676, 611 6 6. 6. ,16616 966.

616661 (7) 611. 969. 676.

6166666666 (6166661669 7) fluv. 960. 600

616666666, Β16666616610) 611 1. 6. 1 smmi-
06 616. 617.

- , 116166606616111601666, primus prior 6166661110 (6166610)6166661 6106611616
monasterii Pinczovien. 60616610 provincialis 66666066 61661610616611016, 6666719161

ordin 1Ρ661161661164 1³1.
Bonyohow (1161661066) 611. 6. 6. (1. 066166 66.
66 99.

6016611666, 611. 11. 6. p. 16 16116 6616116661 676.

9666666611111601.6110161611661116 ordi. 66116.

regul. B. Augustini 166.
&nachowe Agnes, civis 0661611166 116.

60161166 (1106106) 611 66 (1.6616166116666.640.
. 9666166616 (6061016611) Β6111161. (16 arm. 61616·

’ ss 966.

absorpta 966.
- ,,616666666 6166666666 (61666616) 611.
6. 6. 1 7110606166164 166.

6166616 61166 01161106, 6106661. 0111. 1166606611.
69. 79-79.

61666110 196676, 06611 64. 74. 71. 77. 76.

- 61666, 61111. 6. 6. 76-71916.
6166661666 (1116616106) 611
6166666666 (61669016) 611. 6 6. 1 6169666 979.

6166666 (11166616 611

66611166 (666166) 611. 6. 6. (1. 6616106616 666. 640. 61666616 Antiqua (11116616 61616) 611

6611161616 woly· (66161616 1761111111.

- 71666 (6166610 11066) 66611616.

961661616616101166.(166161.0666616 61166 616 61666666 (6116166) 611. 666.

6166106161 971.
’161116666661 (7) 111. 966. ··
66666666666 (6016666666) 611
96666666666 (7) vil. 6. 6. d. 6166166 161.

- (61161110)611666. 616.
61666661666, 6166666666( (1116696106) 611 61 qt·
- ,affl 600.

’mmmm‘ 11796961661666 (6161610616) 611 (1666666661616 1161666, (166161. 0161, 66161116
ι7166166066.(6116666.1716166616) (1166οΗ960 . .

’ 990, 991. 996.

Ι 91666161666 166666 (1116616916 61616161·

 

