111.

81661166 (81661611) oppid.

816666 (81611116) 111.

81666661, 81666661166, 8166666166, 611166 66161-
notam oruoom pro insigni deferens 66-66.

816νῖ116666, 8161166666 (8161166166) 111.

81666661 16 16666116 16 6161866166 676. 676.

8166611666 (8166116116) 611.

816116 iohannes 167.

’ 81616, 8161116616, 6661116666 46.

816116661616, 816166666616, 81616661616 (816-
1616166166) 611 6. p. d. 1716116616 46. 46.
292. 488.

8166111, 611. 6. p. (1. 1166166166 466.

8666666666 (81661116πί66) 111

866666661666 (86116616πί66) 611.

861666166666 (8616116666) 611.

86161166 (86161161) 611. 6. 6. 1. 8666616666 466.

86161116 (1) 611. 617.

861661166166, 611. 6. 6. 1. 1166111661 61. 466.

8611166611, 611. 6. 6. (1. 1116666 166. 666. 681.

86116666 (86161611) 611. 6. p. 1. 16616 666.

16 86116666 8166161616, 61666661666666.
138.

8616166, 611. 6. p. (1. 1166166 (nuno 6. 61.
Mooiejowioo) 166. ..,.

8611611116 (86661116,861111116) 611 116. 6. 111116
0661611 61 1661611661611. 616-616. 416.

6161161166, 61661661, 61611166), 16664 616666 6611666616 (66116611) 611.

8661666. 666.
81116 (816616) 611.
-’ Antiqua (8111616 81616) 111.
- , 81116 Nova (816616 116116) oppid
8166616 (81116616) 111.
16 8166616 iohannes 111666, 166161. 1166111646.
-mmmmmm
81666616161611611 166161. 116116 666.
8166616 Petrus 1166161. 1111116611 676.
8166166 (8161111) 611.
816616161611. 16 orm. Pogonia 166.
816166 (8161661) 611.
do 8111666 1611611 1ο 6111161616 66.
8161166166,611. h. 6. 6. 6116611661666666 66-67.
66. 66. 116. 616. 676.
81666166, 611. o. p. 1. 0166661661. 666.
8166166, 611. 11 6. p. prope 111661611 66. 66.
8166111666, 611. 6. p. 1. 8161166 646.
fflmwmmwmo
8166166611. 1. p. 1 (1616116661666 1161661
16-14. 66. 664.
81616666, 111 6 6. d. 1161616611 161. 667. 666.
81116616, 611 o. p. 1. (1616 17666116 616. 617.
816616 77666,666111.661-666. 666-646. 646.
889.
- 81666, 611. 6. 6. d. 816616 11666666.
661. 666. 646.
816616, 111 6. p. d. (1616 8. 1666 676.
8111116, 611. 6. p. d. Gnojoo (6666 6. 6. 1. 111
fflwmo
8111611666, 111 6. p. 1 8161111616 61666 11166·
81611 808. 20⁴.

861166166166, 611 6. p. 1. 8661161666 6. 66. 66..

8161611666, 61166111611161161186.

8166666166, 6116. p. (1 0161661666.

8111616616 (81661166) 611. 6. p. (1 Ρ616461116661ο·
6ο 16161666. 666.

866616616611166.1.11166161611166666.

86166116 (1) 611. 666.

8111661161, 86116166, 611. 6 p. 1. (inple 16-61.
481. 488.

86166,111. 6. 6. 1111111116.
86161 1666661666 16 (11ωηο, 1611616161 666.
861616 (86166) 611. ’

86116666 rex Aegypti 486.
86766, oppid. 641. 616. ooo. 617.

861661, 8616661, (86166) oppid
86111166,6116.6 (1.1)61ῄῶ6161666661.

1116166616) 886. ¹ , ,
8616161666, 6116. p. d. Kopnffloe 888 676.
8718813118. 885. - ’
8661166166, viis. p. 1Ρ6111611 67. 166.
8661166116,111 6 6. d. 8616166616 646.
86666116 (8611116, 866616) 611.
86616666616 (8666611166) 611.
8661116,611.6.6.11.81661116166667.

86161616166111661666,166161 166166661016-
6071811. 138.

861616, praebendarius (1666666. 166.

8611611 161161111111, 16 6161 1611616 76.
- - ,(16 6161. 11611616, 66111111
616661. 616. 416. 414. 471.

86111611 (86611616) 611.

86111116 16 866616 661.

861111661616 (8611166166) 611.

861116161161611111, palatim Orooo. 616. 476.
474. 476.

8661661616 (8661166166) 111

86116166 (1)16666 66.

861666, 111. 6. p. 1 81666166166466. 466.

86166616 1611661166, 61611661 66666611. 746.
loo-162.

spyoznom 11666161, judex 016666. 166.

866161 1161616616 666.

81111111 (81111611) vil·

8661166166, 611 h. 6. 6. 6166616161 166. 461.

81666616 (816616) 1116 p. (11161611 167. ⁴

86616, oppii 166. 466.

8661166116, 8161661166 (8616161616) 611

8666666111, 8166116666 (116616) 611.

8116111666, nmo 16. 116. 116. 166. 114. 111.
w mmmm

 

