1164747714417 1777477, oppidum 7771764466.
466. “

16077144, 4171111661. 959. ³99.

1167111477 (1177771477) 7771 476-466. 447. -

6644744777, civim 777.

amun (1777777776 7) 666.

11764 (11767)1177.

Nyobrzepow (1) vil. 9. p. (1 1177717174 767.

11771477777474177111771777 767.

1174674774 alias 0741177177 (1) 771. 9 p. (1 647·
6774777 671666.

11747777674,17774 476.

1177777774 (1117777777) 77777. ·

1177677174177, prata prope 711. 8777777776 441.

1177747677 (1117777667)771.’

11777741776777 (1677667777) 711

1177777767, 11777777767 (1177777176) 711

7177774714, 17177777 7. 7.,(1 Ζ7177777177 61.

6771144114, 1177176741177 (1117114171177) 711.

1474777414,111777 07777777767774 677.

1177777777 67 01777177, 64 tm 1714 747777
6777767776 19.

71747671 (1) vil. 990. 777.

7174714 (1177717) 771.

71777614771474 (117776167777) oppidum.

11777774477774 (117777771717) 711 ’

6744471477 (1117771774) 771

,1177777774777 (11771716) 711

117447471747777 (1664777767) 711.

71777747461714 1164117,117777777717 (1) po119 i11
777 mm 777. .

11747711771774, 771. 9. p. 6 6771747177, 6647717
61

6777671177 (1117741167) 711 ·

’ 1174717776777 (1) 771. 476. ,

1177764 147144 (111177 17177) 711 ·’

717717 (7) 771 777. 777, “

0., ,

mx
0114171011· 1011011616147114711

“ (7777717. 7. 7..)647

07177774 (04747) 711 1
07174, 711. 4 p. 6111717οοί7 767. 674.

0717, 711. 4. p. 6. 11677 11767166 416.Ι

. 047477101767)7471777766ο.

0771444 (07777) 711.

< 0021· (7676) vil.

0774774177, 711 9 776 11417167 77.
0647717717 (06771767) 771 17. 7. pe prope 617777-
64 Β61111711 11111774, plebanus 677.

“ 0676776471(0677777) 77777.

- Anam, 7417117 1777771177. 466.
- 61477(0677777) 771.
06767774 arma 99. 99. 77. 771 777. 111. 119.

149. 776. 776. 767. 766. 4. 447. 474.
466. 446. 449.
-,91'l.}99.p.p10p9'9491.
011174,77711171714671777767 7771711

67777. 476. .
07147174, episc. 67147177 66.
0776647174 (1)711. 446.
074677, 77717777 prope opp'1 61717 667
0141777777 (0177177177) 711 7 p. 6. 3744717014
979. -
0466177, vil s. p. 6. 1667764777.

- 017747771177777.

0171177, 7114. p. 6. 66771167 414,

01777777 (0177777) 711.

01477677, 771 17. 7. p. ,pm 7771 6777164747..

01617474, 771. 17 ’7. p. (7777 7. p. 6 7771, 611-
16777) 476. 776. ·

01776174, oppidum 777. ’
“ omna, oppidum 66. 666. 477. 476. ¹

(67777 (017777) 711
0177144774 (0177777) 771
0147144614 (0177777174) 711

77767664. (7776477) 67.

· , 014617767774 (0147777177) 771.

0677774174, 7717777. 711Ρ6676777446.

· 7774776777 e. p. 7677776777»
7771771117.-

0676774677, 14741 ln vil. ’77476667 774.

017116, 06177 (017117) 771 4. p. 6.11771767(7777 . ⁴
· 44.

017474, 01774 (017674) 711
. Δ 017444141774 (0171777) 7771

7. p. 71 11777οὲ77177) 177. 777.
0177447747 (0174767) 711. 17. 7. p. propo 6ω64
min 66-66. 767. 777. 477.

obn-amezo, 01777777777 (0674767177) 711 4.
p. 6. 7777766477 477. 499.

¹ 0671411177717, 67 4777. Topor 767.

0177717477 17776761 67 4777. 0674774 766.
64 01741777 671777 67 4777. 1114714774 117.

0717747777, 711 47. 6167677767 776. 767.
999. 999. '

· 06174674, 711. 9. p (1 (1774177177 474.

’ 0147467, 7717. p. 6. 117667776ιί4 647.

0147477174, 7717. 'p 71 6777777746 47. 74
0147774174, 771. 4. p. 6. Ρ76477ο6417 447.

,0147471774 (0177471741711

0147677174, 771. h. 7. p. prope 17764767 466.

de 017447171774 Andr. 67 7777117177 171176.
134..
- John 77414177647677717177146-144.
01747747 (017767) 711
017177, 71177667177777777717471744-
peopp4919n1919999 ,
017674, 711 9. p. 6. 111667 (777747. 471777

- 676)7....7477774444 ς.

 

