m

11717177, 711 7. p. 1. [177117177777. 771. 1717- 1771777 (11771717)77711717.11.77. 71. 24. 177.
ne) prope opp. 1177777771 177. 177. 777. 747. 244. 777 777. 774. 777. 777. 777.
- 711. 7 p. 1171777717777. 774. 777. 477. 777. 477. 477.
11717777, 77717 777. 177171771777 111777, (1771777177) 711. 4 77 1.
1171777, 711. 7. 2 41. 1777777111 177. 11717177 747. 777.
7177177777, 711 77111771777777177 77. 777. 477. nummu 777177 (1777777177 1777171117) 771
477. 1. 4 p. prope 77771 1177717177 747.

11771717777, 711. 177 p. 7777717717 777. 1717777717 (17177717, 1171777777) oppi. 77, 777,
1177717777, 711. 7. p. 41. 17777771 417. 777. 777. 477.

1177777177, 71117. 77 prope 1117117717 477. 1717777777, 711. 1. 7. p. prope 01177 177.
11177777, 711. 7. p. <1 Biskupioe (1171777 7. p. 1. 777-777. 771.

0177) 47. 47. 747. 1717777177 1777777 de 7777 strupo 777.
111177, 711. 7. p. 1 s1up1411m 777. - de 77177 1117111777 777. 777.
11717111, 711. 7. p. 11111717 77. - episc. cracov. 212. 777.

v 1177777177, (177777) mm - 7771117717 (1177717771. 717.

11717177, 71117777177717 vil. 1177177777 47. 747. 1717777 (1) 711. 7. p. 1. 17717777.

777. 17717177 1777117877777, abbas Tinioeen. 122.
1171777717 nemus 240. 777.
1171777177, 711. 7. p. 1. 11777777 777. 877177 de 7777. 877777, 7711777. 711 1111771717
1171177177, 711. 41) 1. 11711777 177. 2⁷⁶·
21444p1420 (7171777177) 711 77171. 17177177 7. morin, 1777777, arma 777. 777. 777, ἦ

22. ³2o—292. 4144
- - 711. 4 (1.1. 1177171777 171. - ‚ vil. 4 p. 1. 81777111 717.
- - 711. 1. 7. (7 prope 1117117717 77. 17 179771717117, 17777118177111111777.
47-47. 177. 177. 1797717717777777 (177177177177) 711.
- - 711 7. p. d. 1117771177 11171117 714. 1777771777, 1777777777 (1777777177) 711 411. 1
717. . 1117117117 44. 77.
1171777777, 711. 4 (1.1. Τ77117 (717717 7. p. d. - 1117777177)711 4 p. 1. Ρ1117717777.
11771177) 777. - - 711. 7. p. 111111717777177 717.
11717777771777 (1) 711. 4 p. 1. 07771717 171. 1797117717711177871717171171711. 77.
117777777,177717117 Ρ1177177 177. 177. 1777771771777 (0171117777177) 711
11777777771777 (177177177177) 711. 17 177υωί177177 11171771, 7777711 1771771177.
1177771777 (1177777777) 177. 77 711. ,177.
11117771 (1717717771. -1717917177717771777 1777177, primus 7711777117-
117777 (17171177) 711. ι 17777 in 11777117 117. 117.
1177717777 (1117717771711771. 3777717 774. 1777777177 (1777717177) 711. 7. p. 1. 017117-
777. vioe 212.
1117677, 71]. 4 (1.1. Rufini! 774. 17177177177777 71177 17777177 (1) 711 717.
1179777177, Blogoczyeze (Blogocioe) vil. 7. p. (1. 1717717177 717777711117777. 77.
1117777177 777. 777. 177771717777777 (Bmfflowioe) vil.
. 11777777 (1) 711. 777. 777. 1717717717, 7777711 1771771177. 777.
1177177 (11171717) 711. 7. p. 1. 117777777177 777. - ,177777 17717111 praedicatorum 777.
771777. 179771771777 (1777717177) 711 7. p. 1. shy ·
— (1171117) 711 77 7771 extra 777777 71717 7717 17. 777. -
Kuimin 71 emmim 117. 777. 1777717717, 7711777. 71111117177177 774. ·
Blynow (11111177) vil. 17777777717 (1777771717) 711. 7. p. 1. &ullo-¹
1171177, 711 4 14 1. 01771717 (nunc 7. p. 11117- vy 77.
777771117177. 77. 17777177 (1171717) 711. 4 p. 1. Soleo 241.
Bobolyozo (17171177) 711. 7777771771, 7 (7.1. 1117- 17)7777777,711 4 p. 1 (1177177. 17117777.
7777 171. ’ 1717177177, 71177177177711. 224.
lobnny· (1) 711 777. 1717717177 0177171, 0177171 (0177171177 2010.
171771 (7) vil. 221. 222-222. 244-240. 442. Ι
1717777711) (1717777111) 711 4 7 1. 8177771117 -’- Secundus (1771717) rex Pol. 777.
171. - 0771777771, 1771777771 (1777777777),ψ “
- - 771. 7 711. 7771777 177. , 77 7177777117 7777117717 7.Ι 77. 77. 771777.
noum (7) 717 m: „ 777. 477. , j

7177777777 mm. ’· ² '

 

