0811188888, 111 h. 8. p. prope 81111111ιῦ11
817. 881. 888. 888-884. 888.

08818811818 (0811188188) 111.

0808881818, 0888811818, 0811811888 (1181188188)

, 11111
0801881881818, 0881881811818(0811188188188)11.

08818η8111818, 81881811818181 877. 888.

081881, 111. 8 p. 1. 11181188 11181118 114.

0οΙΙο78, nrm 188. 1110. 814. m. 810. 418.

0188881818, 0811811818, 0818811818 (0811181188)

0811 (0811) 111 81.-11 11111811 188.

08111118 (0811118) arma.

0811181188, 111 8. p. 1. 1111118181811 180101.
485. 488.

0811181188, ennon. cracov. 188.

0811818111 1811881811, castell. 8188811818 888.

0,(11118118111118 (1) 8811881. 11111811118111818888.

081188811818 (1) vil. 84.

18 081188188118118118, 18 81111 1811818 171.

80881818881111181818111. 1118811881. 448. 448.

0811181881 18 08181818 481.
- 18 01888118, abbas 18 1181118 488.

0811111, 1888110188811811 181.

01881818 (nmini.) 111

0181171118, 01811118 (1118111118) vil. 11. 8. j). propo
8111181188 81. 88. 41. so. 118. 481. 441. 448.

0181811111, judex 0188811811. 180.

01881181 111881 abbas 11811811 in 08118 Monte
888. 881. >

0111111· (11111111) vil-

0881811118 (01811118) arma.

01881881 (1) vil. 188. 888.

0111111118 (01811118) 81111817. 178-171.

0181818111. 8. p. 1. 1111118818πί88 77.

0118111818 (0118188111. 8 p. 1. 111118111188117.

18 0118111888, 0118118811, 0181181811 18 arm.
0181811 818. 181-154,

0811181 (11111181) fluv. 174.

0111181881 (08118188) fluv. 107. 117. 111. 888. 887.
asa-35⁵. 888. 488. 481.

08111818, 01111818 (11811188) 111 8 p. 1 Β1181111-
ca 81818 181. 181. 188.

0818η1118111818(0118188811188)111 11 8. (1.1118·
pe 811111 18118188 111.

0111118111 811. 8 8188118818 111. 888.
818. -

018111, locus in 11118181 181. 181.

01811811, 81881118 41.

0181118818 (1111818818) arma.

0111881, vil. 8. p. 1. 0188881818 118. -

01811811οωί818 (111811811οὴ88) 111

0181181888181811811188 148.

0181818817 (011811181811) 111

0181818111 (1) vil. 158. ι

0181811881 (0118111811) 111

1181811811 ’18111 111.

0181881188, 0181188118 (0118118810111 .

0181η1888811818 (11181111811811188) vil.
018178189818 (1) 111 8. p. 1. 1118818188 188.

0182161111 (01181111) vil„ 8. p. (1.111111881811188 78. ⁸
08818818, arma 188. 1118.
011811888188, 111 h. 8. p. 1118118 1118118118 484.1

0118111818, 111. 18. p. 1118118 01181ψ188 181..
818. 818. K* ·

0118111818111. 8. p. 11181811 184.
nummo& 111 8 p. 1. 8181181011 14. 18.
0181881 alias 18881111 (01111181)111. s. p. 11
181181 188. 411.
.- (01111811) 1118 p. 1. 1811811881
811-818.

011118818 (1111818818) am
Dzyemkow (0181118881) vil.

011811118118171818 (1118011818πί8) 111.
01111 111881. 18 8111. 0811118 174.

-1811881881111081118418 ³ .
fi1

81. ff

0188111881. 18 01888118 abbas 1811181111 488.

Egra, oppidum in Bohemia 81. 81.

0111111 (11111111) civit. 881. ’

0181711811. 1881. 1881 canon. 018881. 188.

tunm, 1³01 81 Hung. regina 88. 81.

Ε1118118111 (1118011818, regim Pol. 81. 84.

Ε11188811 (011881) oppidum. ,

imorum, 111118 8. stephani regis flung. 117.
888.

Ε119111181188, abbas 1181181118 488.

0118111818 Quartus, papa 78.

018188818881081818881181188188111.1811811 178

F.

1811818111 18 Ζ818118,118111118 01.

1811888819 111881. 18911181 488. ,

1111881818, (1811181188) ,111 8. p. 1 (1181147. 48.

1811811811 Jacob. 881188 monast. 18 1181111111·
08 888.

1181118111, Ε81111811(011118111811) vil.

hux, civis 0188811811. 148. ·

1811181111, 111. 81 cracoviam 117. 118.

1818111880 piscina 111 11181811 188.

1811881111 (18118111) 111

Fox Andr. 8111111811. 18 81181811 118.

. mmmmm (118881811181118 1818118118.

1181811118, civit. 1181188 881. 888.

’ 1181181188, 1118188 partis 111. 11811181 418.

- ,18111111 488Ἰ
8. frenemus 18111118 481. ¹
118181888811188118811 11118118 88118811. 01808·
1188118. · ι.

 

