01100 de 11110100 00.
- 00 2011100, 11111 20000000 0000011. 000·
001. 01.
0110 00 hbeo, 110101 0101. 0100010 400.
0100100001 (0100011) 011.
01000010, 011 Q 0 0 110000 00. 04. 00. ¹
00001οΙ0111 (0010100100) 011.Ι 0. p. Q Modlihony-
00 180.

xm

1100000011ιο (10000000)011ιο 0110000004.
101.
nutu· 00 nogotia 010-010. 001. ,
- 00 1100000000 00 0101 10100010,
episc„ 01101. 00. 10. 011. 010. 010.
- 000100 00 0001001101, 00 0101. 11001000
077. 100-000.

1100000000 (11101000) 011

· 1100110111 (10101010) 011. 11. Q 010100 11οο00000·

Ρ.

1000010010, 0111001000 00.

10000010011001000001000010, 00000 01011000
0011001111 400.

Ρο00011110010110111001 00 0101. 1000110.

100001000, 000οο110000. 100.

10000110, 1100. 400.

100011οΙ00 8000101000, 00010011 00 11100010 40.

10100100, 000001. 111 111000100 110000αο00000.

1011001000 00 0101 11000000 001. 000.

1011001001 (1011001010) 011 0 0. 0 1100 00. 410.
016.

’ 1010111 (101011) 0010 00100111 10100100 11010110
. 1000001000, 0101000 00100000.

100000000011000001011001000100000.

(1100000011 010.
1011011 10000, 0001000. 00 11000001 111. ’

1000000000 (1000001100) 011 Q 0 0 8000000100
08.

1000001001 (1011οο1011) 011.

1001001001οη (1011001001οο) 011

1001100101000110, 000110. 11000000 00.

1011111000οψ00 (1000100000100) 011 0 0. Q
1100010100 000.

1001100010 1100001000 00 0111 100010 000.

10011111 100100, 001101 10 81100001 110. '⁴ ·

· 1010110010οκ0 (1111000000) 011 0. 0. Q 10100000
(0000 0 0. Q 1110000πί00) 004.

101101101110011100 104. 100. 100.

1011010111 (1010010) 01110. 101100 100. 001.

1011100011 00 2011110100, 0001111. (1000101000 000.

mumma· (101000000100) 011. 0. 0. 0. 1110·
dorice 108.

10110000011000 (101100000100) 011. 0. 0. Q 810-

11100 00.

1010001010 (1110001110) 011.

1010000111 (1010010) 011. 0 0 Q 11000000 400
414. 010.

1000011010 (1010101100) ’011

10100010 (1011010) 011 ·

1010001110, 011. 0. 0. 0. 1110100000 (nmo 0 0.
d 1100100010) 1011100100. ’

10101 (1) 011. 000.

10000110,011001001000011000110000-000. ,

100110101ιο, 0110001 10 0000100100 00 1100. wu-
ga ,100

nib. 100. 1000010οἫ.

00 10000 000-000.

10101001Ιο00 (Ρο111001100)01100.0. 111001010010.
- (1011100100) 011 11 0. 0 001100.
111010 01000 0001 8000000 000. ‘

. . 10001111, 00110010 011. .

1010001000, 1010000000 (1) 011 000. 000.
101110 01100 10100 (10110) 00100 (11000. 00. 00.

· 1011010000000001100000011, 010111010ωο 000·

men. 181.
1000001100, 011 0 0. Q 0000000100 00.
1010011000, 0100100101. 0101 prndio, 000.
- 00 1100100100 00.
Pontia· 01110 1110010100, 01010 100. .
1010010101 (1010010) 0101100 10100110 100. 001. ’

1001010100, 0011001. 111 0010101101.

- 01 1010010100, 1111010000 00 11010100
103.

101100, 00000 01011000. 00 110010000100 8ζῇᾳῶ ’ ¹

, -- -- 0001000000100. 1·

--11100101000110 00 01. 00 f
’10111οο.

,000000000 00 2011100000 010.
, 0000010οι 0100001011 000.
, 0001011010 10011000. 000.
, 000100, sumendus 100.
’ ,0000000 1110000100. 00.
- . ,0010000 01000. 010. .
- 0000101000, 0100100101 0101. 0100010.
400.
-· 1000011101 111 00.
10000010 01 110. .
- 11001000, 0100100101. 0101. 0100010. 400.
00 1100000, 0111000 00οη 0100001. 00 y
110000 100. 400.

,11001101 00.
101100, 0 S. 0100101110 1000000100 010.
00”10000000000110.11100000 010.
01 100100, 0111 00101110 Sandonis 400.
,10000000 1110011100 01 200010, 00 0101.
10001000.
-’,010000110800000111100.01000000011.”
001100 rogis 100
1000110010, 101100 010.
00 0101. 110000 001. ·
- 01100 00011001 400.
- , 0001111101 100. ··

 

