1111

0100110101ν(610111101011) 111.
0100010010 Elisabeth, rogim Polo. 01. 04.
01010110011011110,00ρο 100. 801.
- de 0100001011 0010101111 440.
- , 00001100 0001 8. Floriani 108.
- (111101 111101ῐο0010 400.
- , praepositus 08.
- , praepositus 00110111. 0011101111 00
0001111110 140. 140.
- ‚ 1001. 111 0110011100 000.
- , miles, 11011110 04.
ammom, 111. 0. p. 0110010110οῚ. 008.
01111011, 6111100011 (6111) arm
01011110 (610110) 111 0. p. 0. Β110010 (1111110 0
p. 0111111001011100) 70.
01001011000 (1) 111. 017.
0100101100, 6100101011, 111 111 11101011 Ρο101110,
prope 11000011 opp. 04. 00.
0100000100, 111. 0. p. 0. Bogucioe 104.

m, torrens 70.
Ἰ J 111110.0.11111οΖ11010001810010011011

001. 107.
0100000110, torrens 004.
01001001 (61001100) vil. 11. 0, p. prope Βο11111111

’ 0101010οέ00ρὶ 00. 70. 74.

- (610100) 111
01000000010(610011010)111. .
0100100000040 (1) 111. 010.
omnin· (6111011111) 111 ¹
0100110010 woly· (1)111 010.

0100010140, 111. 1. 0. 0. 0011111. Ρ100110010110
11001011 10. 04. 00. 00.
- ,111 8. (11001110001101381. 391-894.
398.
⁵ - , 111. 0. p. 0. 1110111010 100.
- ,11110101011100100
- ,1110 pd. 110101011100,111 10110
0111010001 070.
- ,111 0. p. 0. Ζο101(110110 011. ‹11²0-
00011100) 07.
0101101001 (610100) 111
01000100 (6111011111)111
0100010110, 6100111110 (6100110110) 111.
010100, 111. 0. p. 11 1111111100 100. 100.
0101110111, 111 110. p. prope 0001100100 Ι100.

000.

010001001010, 6100010111αο (1) 111. 14. 10. 00.

18.

010111 1110010110, 011100 monast. 00 1101111111100
381. -

- Petrus, 011. 11100001. 00 1101111111ιίοι
380. ’

- ,111.Τ110001101·Ιμ1111100000110.110·
onssffiku (0111100110) 01. 10 0 01010
00 fluv. 1101010. ·

01001101, 01100 1110101111, 111 h. 0. 1111101010·1 ·
01101011 010. 010. 007.

0100011004 (61110100) 111.

01140011οι11, 6000110011 1011 011100010001.
92. 118.

. 01000110011101011 001100. 01000. 100.

0111001000ηο10 (1) 111 018.

0100010144 (1) 111 010.

0114400111, 111 11 0 p. propo 60011 070. 078.
- ,111011οΒ11001108101070.

01111, 6111100001. 6111011001, Gry-phas (6111) 01-
1110 2. 14. 18. 1111. 100. 210. 180. 200. 024. v
³61. 361. 400. ⁴02. 410. 430. 433.

01001010, 00101110 40. ’
οη010110141010, 611010110010101611010110111-

00) 111. 11 0. p. prope 3101110 110110 001. 417.
00 01011011 0110010110, 00010111111111111011 000.

0101101010040 (6111011010110) 000100010100308. ᾗ
41 1.

01111011, 111. 0. p. 11. 1001011011 000. 000.

110 0101110144 1101001000, 00 01111 1111010 17.

0111110100 0010, 0110011001140110 110110, 111. s.
p. 0. 1111100 414.

0111100110 (611111010101100 154.
0101011οΙ010 (6111111011πο) 01101000Ρο1011000.
411.

0111100 110οα004010 (6111111011) 111 0. p. 0. Za·
111011 074.

0111100111 1011. 00 ann. 10111110 074.

0111100 0111100141 (6111111) 111 0.,’ p. 0. 20111000
1174. ’

(1000010111. 0 (1.0 8110111111 70.

(10000144 (600011) 111.

0011100010(601011011) 111 0. p. 11 6011011 (nunc
0. p. 0. 010001) 040. .
01110144, 111. s. p. d. 11014010 8110001110 407. 410.

0141001000 0110 1411011100 470.

(11001000 (1) 111. 00.

(1101100100 (1010111011) 111

(1101010100 (1111101110) 111.

0101110000, 00110111 0100011011. 40.

(1101ον4 (111011) 111 ·

0100011140, fil. Gregorii 011010 1111011011 400.

01000001000011011011100) 111 .

0100000011 1011 1101111001, 00 0101 00101401
112. .·.

1101000010 (Ηο1001111) 01111000. 08. 100. 100. ⁸
1⁴1. 200. 370. 377. 387. 419.

1100110010, 1101110110, 1011100 10111 104. 171.
1100101410, 111 0 p. 010010 000.

1100011οι, 01101110 40.

1101011104 00 01000110 400. =
1101100014, 111 111110100101101111111100010110110 77.

 

