Ιη 999999 tomi 9999999.

1999 1999 1999 1999
eryt, 99. 999999. 999999999. 99999919 999. 999.
99999999, ar. 999. 999. 999. 999. scham (9999...) (999999).
999. 999. Ι99999999 94. 99.
19999199, 99. 999. 999. ι89999999 (9) (899999).
uum, 99. 9. 9. 9. 7. 9. 8999999919, 99. 959 999. 999. ⁴
tuknwn 9. 9. d. 899- he. 9. 99999 899999, 99. 111. 999. 199. 99. 999999.
domlrz 9999999999. ¹ 999. 999. 999. 999. 999. 999.
9999999991, 99. 99. 99. 99. 999. 999. 994.
999999, 99. 9991999999. 1⁴4. 15⁴. 999. Tm Τ9999 arma (99999) 99999.

999. ladon, 99. 999. 999. 999. 999. 999.
0999999, 99. 99. 999. 49. 99. 999.

0999919, 99. (099999 alias (Osorya alias
89999999. 899999999999.
999599. 999. 999. 999.
999. 999. 999.
999.

Addo.

Bnbbntum 99999 9999999999, et 99999 99 crux, 899199, vil. 9. 9. d. 9999999 (nunc 9. 9. d. Pu·
99999 999. 999999) 999.
odeum, viL h. 9. 9. 99999 9199999999 999-999. why, 99999 999. 999. 999. 999. 999.

999. Ψ999999999199, vil. 9. 9. ὰ Piotskowiee 995.
9919999 (Κ9999919) 99999.

 

