111

11100011, 011100 7100010000. 10.

- , 1111011001 in 6001101110 00 6100011010.
0001110001 101100. provincialis ordin. 1110001000
7110040000οι. casimiri iogelionidis 114.
01111001 Miror do 0101. sarmoise 111.
Fri-oum, oppidum 10 corinthio 400.
fusuro, 17010001 (0110101) oppio 001. 001.
1101οῗ00000οΜ 60010011 000.

·- . ,011001011οορίοο 610001. 00. 40. 40.

80. ³⁸2. 083. 388. 395. 800.
- ,0000011 610001. 00 8000011111ίο0. 000.
- ‚filius Michaelis, 100110 00.
11001011 00 aron. Gioiek. 140.

G.

hirini, visitator ordin. 1110001000. 401.
Quia, 01010 (ostro 01. 01. 1. ponec 110.
414.
60710010 (Ηο11010) regnum 000.
6011001100(60101011) 111. s. p. d. Β1000110 000.
6001100100 111. s. p. 0. 6011 1110011ἰο 410.
600100, 6110010000. nobilis 04.
6001οο11011 (6000001011) 111.
60010100 (1)111. 100.
6010001, 111. 0. p. 010001100101.
6010000110 (60100010) 111. 0. p. 0. 610001107.
6010010, 111. 0. 0. p. prope 00011001011100. 100.
270. 271.
- ,111. 0. p. 0. 601111100110 011-010.
010. 410.
6010011110 (6100011110) 111.
6010011111Ζο111110, 000110. Sulima 017.
6010110111 (0111. 101.
- , 601011010 (6011100) 111, 0. p. 0. Zie-
10011 70. ’
60110100100, 111. 0. p. 011110 17. 011.
60100 (7) 111 000.
601110, 111. 0. p. 0170100011 10. 104-107. 170.
60011110 (60010) 111. 0. p. 0. 1011100 010. 414. ·
Gswiusohow (60111011) 111. s. p. 0. 01000110 000.
6011011010, 6011011010 (1)111 00. 70.
601 (601) 111. 0. 0. p. prope 6110111110 110.
6010000010 (60110100) 111. 0. 11010110111010
'prope opp. 10110100 111.
6100101100. nobil 04.
61010101 10010100 110.
0000411, civitas 001. 000.
60011, 111. 11. e. p. propo 60001100 47. 070. 400.
601001 (1) 111 10 0000011 1101011111 170.
6000011, do 0101 6110011100 6110011011. 0. 14.
00. 07. 08. 00.- 06. 80. 1100. 070. 070.
466-409.

6011001010 (610100100) 111
600110(6000011)011100 610001.
60011010 (6101011οο) 111 ·
60111110, 6011100000 (solito) 01010 010. 000. ·
60101011(1)111 11 0. p. 100.
6011111000οι (101100) arm
6000001011, 111. 0 p. 0. 8101111011 11.
Georgius, 0000101010. 01001. B. Augustini 070.
60101000 de 60101110, provincialis 0101100010.
401.
- , 00000 monost 0001011100 000. ,
- Vrstisloriensis, provincias 010. praedio.
440. 400.
60110011 10000. 0001110 7. 0. 00.
- , 001000100001 140.
6011100, 6010110, 6001110, 601111(6000011)011110
(110001.
60111110, 0000011 00000000. 00.
- , episc. Μο1011011010 00.
60101010 (101010) 111.
(rior-oxya, vil. 11 0. (1.111011001100011 401.

- , 111. 0. p. 0. 6110101 00 001. 11000 0.
61110, regins Hung. 007.

6110000011οι0 (1100011100) 111

61001110 ot Nicolaus 00 1001010111οω hores,
000101. Topor 100.

610100, 0001101. 111. 710100000πὶ00 400.

6100101οο111, (61001000, 61101000) 111 propo
6100011001 410.

6100100010111 111001. 0101110100. 1011100100. 100.

0100011, vil. s. p. 0. 1010000100 100. 110111.

61001011 (6101011) 1110. p. 0. 00101011 00. 00.

6101111001 (61011100) 111. 0. p. 0. 1110100110 410.
6110110111, 111 spo. Rooierhorrioo 407.

· 6110111111. s. p. d. 0110101001. 001.

61100111 (611011 1001100100111) 111 0 p. 0 601-
1100 101.
- (6110111 Polski) 111 0 p. (1 100101
110.

- 110010010οἰ0 (0111111011010010 000.
610000 (610000) 111 0. p. 011011011111100140.
6109001011(6101001011)111 is 0. p. propo 110·

111001 101. 400.

61014001 1011011 00 0101. Novius 000.

- - de 01000100 110. rio.

61011110 (6111010) 111 0. p. 0. 011010 100.
6110111 (61011) 111. s. p. 0 11001011 117.
61100111, 61100111, 61100111 (6111111) rii
6000110 (6001110) 111 01 sobrios 10111 ι pil.

(1100100110πο 110.

600100111000 (6000011100111. s (1.0 Korion

291.

6001010100 do 1101001010, 00 01111. Emeruit
076. 471.

6001110, oppio 0010. 407.
00 6001110 sinsin 00.

 

