09001109, 911. s. p. d. 810019 Nova 991. 995.
0901109, oppid. 917.

0000119010 (0100191111) 911

09001109 (0901109) 0001.

0900110 (09001109) 911. 9. p. 0. Kije 199.

- ‚ 911. 1. 0. 0. 1110009009 991.
01009011091090 (1) 911. 999.

09011000 (0101110) 911

0901001000099, 0901099111ωο (0901099111οο) 9119.
0 d. 19910 909. 910.

09019009, 09010909 (0901901) oppid. 79. 990. 999.

900.

0900009000 (0900100111) oppid. 944. 149. 194.
09090110, 911. h. e. p. prope Mielec opp. 197-199.

- , vil. s 0. (1. Gorywysokie 919. 917.
09090100, 911. (nuno h. 0. p.) prope 1199109101 000.

205.

0909010009, 911. h. 0. 0. 90 1190119111 fluv. pro·
pe Tyniec 09. 149. 195. leo. 199.
193. 117.

- ‚ 911. 9. p. d. 10010019 997.
09090100, 911. 9. p. 010010949. 959.
09099000010 (0909911191) 000. 1110100011οο0υεί

117. 1⁷8. 412.
crernieiow, 911. 9. p. d. 1190111ἱωῦ999 (11011011,

e. 0. prope Lublin) 909. ooo-³01.
09001091οι0 (0109109100) 911.

0900191090901 (010919 10901011) 0001090. 00 Kie-

0999 49.

0900199 (1110919119) freter ordi. proedioot. 450.
0900910 Petrus de 099009, 0911109.1119110100. 140.
0901000090090 (01010009) 911.

0909009, armo 971.

0900910000091 111001. 01919 099009. 117.
09001000099, oppidum 190-195. 155. 157.

- 80999, 911. s. p. 0. 000100 0900001099
· lul-123.

090010000919, 911 e. p. d. 0900001099 150157.
0910110, (010119) flur. 4. 5.

0910909 (00009) 911.

091001019101109 Petrus, oppidanus de Lubliu 909.

305.

091109909 (00199909) 911.

0919109 (00901109) 911

09199009 (09091990) 911.

. 0919010 (0999010109 1) 911. h. 0. p. 95.
09190100 (00099110) 911.

0911910009 (09090100) 911.

00 091900109 19001110 999.

09190009 (0909010009) 911.
09199000010 (0909911191) 000.

09199109 aliae Gora (890901900) 911.
0919910, Crimini, 09199100 (09090110) 911.
0910009 (0199009) 911.

0910001999 (0199000) 911.

(10 09100909 1011. 0991000099 09900. 457.

091091099 (0199009) 911

0910909 (090909) 911. ,’

09000011001, 91100090000011101090 (8100109000)
911. “

0901910090 (1) 911. 917.

0009011100 (0909999011) 911. 01 costr. 9. p. d. 119·
911090 959. ·

0909100019 (00090009100 1 prope 8191911199) 011.ἶ
218. -· ’ί

(190000090οι0 (0009009100) 911. 9. 0 011009
Story 999.

09011090, 09010090 (0901100) 911. h. 0. p. prope
0900091901 49. 40. 911. 197.

090109, 090109 Magna (090109) 911 9. p. 0110·
11119 187-189.

09010901, 09010901Ρ9999 (09010901) 911. 9. p.
(1 11011119 197-199.

0909110000, nobiles 00 erm. Korezuk 904.

0900091090 (0010009100) ril.

09999101, suburbium 00 Lublin 907. 050. 1

09000909 (09009) 911. ·’

0909009119 (019009100) 911. ἷζε(

09090100 Μ1009(09901οΜ010) 911

. 0909900 (Ouarna) fluv.

09009000900 (0999110019) 911.

09000909 (099909) 911.

0900119 (0101100119 4. 5.

09001100 8100191 00010911. 0081990019 110.

0900010010 (0100191111) 911.

0900111009, flur. 919.

090010909 (0901901) oppidum.

09001γο01110 (01010110) Martio. 00 orm 110999-
110159.

0900100009 (0010009) 911.

0900010090110 (09091090111) oppidum.

090000909091090 (1) 911. 990.

0900019 (010019) 911.

0900000109 (010010109) oppid.

090099000010 (0909911101) oppid.

090001091090, 090009109100 (0101109100) 0001.
01911.

090109909 (00199909) 911.

090910090110 (09εωί0911111) 0001.

0900101 (curu) 9οο (10 dormio«, 90 arm 010-

101( 190.

- (010101) 900910090909190. 177.
— - - deOetroiekedeurrrAEio·
101, poietin. Verrorien. 171.

0909010109 (0999910109) 911

0909010 (0909111111) 911.
- (010100) 911.

09010009009 (0909910109) 911.

0909000οι (09090100) 911

09090011 (0909111111) 911.

09090009 (0009010009) 911.

αο99100010 (0901911911) oppid..

 

