mlv

1411141114 0441440411, 111 4 p. 1 1110οΗ 14 (114·Υ
00114 210. 413. 414.

4411411, fluv. 44. 44. 404. 440. 444. 444.

mim (1) 411 104.

1144401144 (1) 411. 11. 44.

11411404,1144144 111 48.

140140041444110104104) 111 4 141114411441011
04 140. “

140444041040, 110441011044110440110101411·

- 144 414. 444-444.
1404444 (140444) fluv. 4. 14.

11444γ (11441) vit 4· p. 1 1411041104 440.

1444441 (Pras) 44144 444. 444

Δ 144444γο44110,11444144410(110114410) 411 4. p
11.Β1·141111041141. 884.

Pmnozynowym, 1144414011044 (114414041041111.
4. p. d. 11444104 41. 408.

1444414414 (11414144) 411 4. p. d. 1111441014 470.

114011444441, 411 ι p 1111414ρίοο 144.

1444011011 (1141414011) 411

14444464, 111 4. p. 1. Β440044 144.

1444444144 (11440144) oppidum 147.

mmmm fledvigis, 0141414 1144114114 41
0140041441 114.

’, mimano (1444141441111.

41 111181144411144· 410440111114404141401 · -
11. wanhun 1444410443 144

,1Μ11144414111 (1) 111. 4. p 1114414414 444
144414144444144 woly: (1014141414 11014) 111.
’ 4 p d 11144144 41 44.-
144411414, 1144111414 (1141111414) 411. 4 p. 1111·
· 1144187-184.

1444114114 1141010444,41“14. 11.-1 (1441410101

185. 188.
mma 4444444 1444440 (mom

1)) 411. 411114141414140 88. 44. 144.
ngynyn (1144111414 1141010414) 411.

, 1444140144 (1) vil. 474.
1144144114 (11411111) 411. ·

- (1)111. 4 14.-18110101414444
144414γ4 (114414141111. 4111114414404447.
11441011,Ι agri in vil 1144404 187.

- Ρηοπιιοιιηγ 114104, 114441444444)1 (1144141444-
41) 111.
. 1444411104 (1144411104) 411.
’1444411444414111 1) d. 1141411104 440. 444.
444..
144444144414141, 411. 4 p. 1 114144144 444.
1444411040 (1) 411. 44.
· 1144411404, dux 0110144414 440. 444.

1444444444, 1144414144 Alba (1111414444 Β14141· fluv.
57. ⁸5.

Pnomulowiczo (11111141. ’
Ρ144411444441γ 144104 (114414404441) 111. ιι
- Μ1401(114441144411111111.

mmmm· (1) 411 444. 474.

1144411414, 111. h. 4. p. prope 014141 11044104
414.

1444440444, 411 4141 81141144 474.

14444γ401144 (11411. 11. 44.

1444414414111 (1) 111 444. 474.

1444444441444 (1141144104) 411

mamm, 4114111114116140.

144414444441111) 1144404104 80. 41107.
111.

- ,(144141414141411.
1444444011, 1144444011, 1144444011 (11441110-
14444ιγ4144 (1141414141 411.
144474441444 (1144441044) 111 -
meodzyuowim (1144401414404104) 411. 4.
p 1 zum 141

14 1444444414 111001. 4111444 1404441. 1101141141·
0011. 417. · ,

· 14444444(1144404)1114.1).1110114(40110

41). (1. 1114144444) 447. 444.
14444140414411 (1144414444411111 ⁴
1444444011, 4114 p. 1 1441041104 414-418.
- 411. 4 111 1104014144 440.
144111141444 somnis 111104 410.
110044414, provinc„ 0111 1144114. 444
144γο114, nobil. 144114. 8144414144 441. ·
1441104114, 111. 4141144411 404.
Ρ14γ111414114, 4411141114) 40.
Ρηγδγ41441444(14411)14144104) 111 14 14 p. pro·
pe 0441011 4114411104 441. ’
vnybyuuwyon (114141411104) 111 41451
0411444 444. -
114γο110114, 111 s, p. d. 1111014 447.
144γο44164, 111. 4. p. 1. (1014104 441. 4441
14414114, 111. 4. p. 1. 1104110πί04 444.
Ρηγ414144 411. 4. p. 1. 1144104114 447.

. 144141414104, 411. 4 1411410104 1110148141)

84144 444.
1441441414, 11111. 4. p. prope 1110140410 144.
Pnymnyow,1’nymyow (11114141011111.
14441, 111. 4. p. 11114414144444.
1414449044 (14114130411114 141. (144140
(444014 4. ρ..)444 ·’ -
141144114114410411014104411111411110·
104 414.
1414411044 (1141441. 440. ,
1440444144, 1440441044 (1441044144) 411 4 p.
41. 1114014444. 4. 11. 14. 44-44. ··

. 14404140441444,Ρ44110441044 (1411041104) 11].Ι

14141140 8144141444, tabernam 44. 44. ·
ΡυΙιιηονικγ somnes, 10 4141. 4144414114 144.

,144444041444 (11411. prope opp. 1114111144 444.
' 14414 144114, 10444 448.

. ,1044144 10144414, 141141. 1004 140.

1141410444 (11110401) oppidum·

 

