w

7777737777· (7) molendinum 777. 0777777773, 777177 7377337777 777.
177737777 (111313767) 711 0371777177 (namin) 3771. 37 373.
07717777 (17171777) 711 07777 (1733773777), 73177777 073777. 777.
sym (7777717773 · 3777777717. p. 7. 77777177 777. ·
1771371777, 0771777773 (1117777133) 711. 0777171377, 711 17. 3. 7. 77373 11331773 317.
1737771777, 11777773770177777773) 7177. 337-333. -— ,711. 17 3. 7. 77373 11771377 13 377.
1104. 3817. m. ⁴00. m.
- , 1773777373 (1173177773) 711. 7 7. d. 0377771777 (8313137173) 711
111373777133 377. 777. 377. 777. 337. 07777777 (7177177) 777
0733777777177, 711. 7. 7. d. 11317137 337. 07773771777 (0737777173) 311. 3 7. 71 ’131733
1771777777 (7) 71137. 17. 17.
07117777 (1777371) 3771. 17 8113313 33. 37. 33. 333. 017777717 (1137717) 711.
777. 733. 777. 0777777777 1771337777 7371717 717.
07777 (17717) 711. 7. p. 71. 1173113317 433. 017773, 711. 7. 7. d. 1177317133 333.
· 07377177, 711. 17. 3. 7. prope 3771. 1771377 33. 37.
0· 7777777771737.
077677, 7117 7.(11771773137 (7773 7. 7. d. 0137- 0177131777 (1131771717) 711, ·
77) 737. 371. 773. 07777777 (0137773) 711. 77. 3717773 011777 37
07373 (11371773) 711 ⁷ 1173713107 33.
,07117777 1311 de 7777. 13737, 71333777 773. 017771717, 77373 1737377. 81331377371771 373.
,1703177713 77773, 031737133 1137733, 031777 Mons 0177177 (0173177) oppidum 17. 3 73711317. 337. 733.
(077373707737737777777377. -— - ,711.1.373771177.117173777-
“ 0777777733 (1137137177) 711. 73 1773777133-73. 77. 33.
07777777777177 (113713713711) 77171113 - - ‚ 711. 7 7. d. 2713777173 73.
0371777737, nobilis 7. 73. 773.
0777171 (11777) 31173 1737173717, 3737· 17 711177- 01777773177 1777777 (11713-173737713) 711
7373 137. 0777777777 (0117177137) 711. 77 71, 877711777
0777777777777, 037777371373 (113773737173) 711. 313. 374. 333.
07777777 (11377137) 711. 0731771777, 711 7. 7. d. Ρ737713317, 37 7777 33·.
03737 (7) 717. 3. 73. dem 77173 477. 737. 473.
03771713, rex 1137737133 33. 173. 313. 333. 333. 0737307777 (1) 711 733.
. 03777777 (1177737) 711 0771177777 (017717170711.
χ 7737777 (11771717) 37137 371777, 71 1. e. p. 77777 7777 17777777 777.
'. ' - ’ - 3771. 37 arx„ 337.
’ . 0731771737 Primus (1137177177 117137) dux 37 713- 01717777 (1) 711 337. 334.
’ 11377113 regni Polo. 131. 733. 337. Ι 0771777377, 711. 17. 3. 7. 77773 37711777777173
- (1137177177 877371311177) dux 37 713737. 337. 333.
regni Polo. 3. 13. 77. 73. 73. 733. 331. 0777777777777 (077373777133) 717. 3 7 71. Pe-
377-777. 477. 7737737713 777.
- dux 07737133 et 1373131773, pater Vl·- choozlmow (0177317167) 711. 7 7. 71 11717717 37.
717731 13113731 77777731 737333377. 737.
- dux 113737133 373. 0177117777 (0113717677) 711
- Secundus (1137177177 11131171) 737 Ρ313. 01733677, 711. 17. 3. 7. (7773 3 7. (1117177777)13.
11. 3133. 7373. 173. 113. 141. 133. 17. 77.
773173133737713. 777. 733. 373. 0777777777, 711 7 7. d· 77737177 733.
717. 773. 777. 737. 331. 777. 773733. 07777773 3777 733.
773. 733. 737. , 0777777737, 01317777373, 711. 7717 1777713717
- Τ377133 (1137177177 137131713771) 737 173177 431. 433. 733.
Pol. 117. 113. 117. 733. 177. 137. 0737777777,01377737(0173737737)711.37.71.
311. 377, 333. 333. 773. 733. 0173773737 13. 37. 717.
- (83777177)11 113717717113713113717113717. 0777777777 (1) 711 313.
0731771773 (0371771777) 73171117 3. 33. 077777771737, 0177377773 (0177737177) 711 7 7 71.
033177177 (1137177177) oppid. 31 ux - 1137117377 133. 373. -
0737177713 17773 (113773 0337173) mom 17 173113, 0177777117, 0113773177 (0173137777) 711. ··
37 7137337. 37711. 8. Benedicti 733. 0177773777773 (0177737173) 711 3. 1111.an
0311737173, 7311773 11771113 313 07377713 777. - , 77773 7771. 117717 1773. ’

 

