XXXVI

Rambymhow (7) (116. p. 1816616610( 666.
11616111;ῗ661666,116161)66666616 (116611666666)(11
16 1166611666ιγ666 ....., 16 arm. 0166666, 6111).

11661166( pompus, 666661166111616 1166166616 Albi
do immo, 1166611661(.161166.16 6166 Τ6666
‚ 11611111Ῑ1171151116666ὡ1616)1116.6.1.Ρ6666(1(
1161111316 (1196611616) 66611· 66 8116616 666.

Ι161116ηοιο(116116611166))(11.
6616616616 6111) monost. 16 calvomonte 646.

61166111, 666116 (11.11661611666 667.
1101616, arma 222. 242. 2411- 258. 270. 294. 312.
409. 418.
1166666 Maior (116166 111616) (11.
- - 1116660161668616611661101111.
{mffiopskm ((111. ἔ 6θ1(1166668166ιῖἔὶὲἔῖ10
6 p ymo 6666 6.
(16166166.
.,1166)16111,11666666(6, 116666616 (1) 111 6. 6. 1
Κ1616666166 661. 664. 666.
monim, (11 6. 6. d. 8661 11611( 144.
Ιῂ6611611111 (7) (11. 61.“
. 1166616, (11. 16. e. p. 6111116. 111616, prope oppi.
Granico 666.
1166111166, vil. 11 6. p. prope 6661 11666616 166.
190.
11661816Ιί66, (11. 6. 6. 1. 1116166166 176.
flammeum, (11 11 6. 6 propo opp. 1161666666(
⁶ 382. 373.
Γ , · 116616166666, praeposit 6661. S. Michaelis 146.
¹ 1161161116,(11.11.6.6. propo 0666166116161166.
157.
1111111661, 1111111116( (11611166) (11.
> 11111116 (11611116) (11.
11166616 (11666111) (11.
1111666616, 166116 667.
. 111116666γ666 (1666666666) (11.
11111166 (116166) mor.
1111666616 1166111161, 16 orm. Topor 76.
8116166661 (1161111666) (11.
11666161( (1) vil. 6. 61 1166616166 617.
116661616616 161166. 16 orm. 11611666) 617.
1166666611( (1)(11. 6. p. 1. 1161111166 66.
1166616, (11 11. 6. 666666 0661116166 616.
- ,(11. 6. p. d. 16116661 464. 416. -
- (1)(11.66.11166166667. -·
- ,.(61 66. 11711111( 661

16 116666 1116666 6661611 8611166116. 646116.
117.

11666166 (1166116111.
— Wolyo (Rogowo) (11.6. 6. 1. 11616661
274. 407.
1166666666, 1116616116 ot Ρ611116 76. ”
1161111166, 1161611166 (11611166) (11. 11. 6. 6. propo
8666166666( 666.
nomo, 116116 66. 666. 666.
1166611116, 1166616( (Rom) vil. .
1166161616, (11. 6. 61. 8116161166 66.
1166661111) 111661. de 6661. 1161166661 66.
1166611616 (116616166111111. 614. 666.

“ 116616616660166161160111. 6. p. 1. 1761616( 664.
,1166666116666 (116166) 661616

0666661661( (1166661661) (11.

0666166661( (1166166116) (11.

11666166616 8166161 6111) monost. Tym'ooen. 666.

116666666661( (1) (11 116. p 116 14666116 666.

116666γ666116111(1)111. 6. p. 1111661116) 66. 61.

Roozyoow (Rooiojow) (11.

1166661661, (11. h. 6. 6. 61666 opp. 111666 661.
467.

1161111, (11. 6. 6. 1. 0166611166. 64.

116616611116, (11.6. 6. 1. 8611166 660. 666.

116661666116111 (1) (11. 6. p. 1. 1116616111 66. 61.

116661616611 (1166661661) (11.

Πῦὶγο, arma 17. 88. 104. 237. 328. 363. 883.

111116 (1161611161166)111. o. p. 1. (1161611166 (61166
6. 6. 1. 11666616 8166661661 464. 466. 411.

· 111116 (116166) (11. 6. 6126111666. ·

- (1) (11. 16. 66.
11666116,1161.61. 116. 166. 164.
11611116, vil. 6. p. 1. 1161116 166.

, 1111111111, (11. 6. p. 1.]16161666611166 464. ’

- ,(11. 6. p. 1. 1116166616( (nuno 6. p. 1
1111116166) 661, ooo. 666661. .,

- ,1161611611161611611 vil. 6. p. 111611(
(11111116).(1.616111661616.166.166.ἱ
nudnlky (1111161161) 611 6. 61 1161111616166 661.
1111111611 (11616111) (11. 6. 6. 111616166611166 464

· 1111116116 (1) 111. 676.

11611116, (11 h. 6. 6 propo 6661 11161111( m.
- (?) vil. h. 6. 6. 616.
- , 611 6. 6 1. 8616666166 16. 77. 76.
211.
- , (11 6. p. 1. Tenozynek 166.
- (1) (11. 616. ·
1111166, (11.6. 6. (12616668.

1166166116,111666116 (8161116) mom 61 Omo-
Vim lla-120. 194.

11116666,111166666 (11666666) vil. ·

1111666166, (11 6. p. 1 0666616116( 146. 666. m.

1611116666 0166661666). (1661, 6661611. cr·-
0011011. 279·- 281. 897.

ἴω 1166616,166666.06(1,66166“6066661

 

