xxm

7177771777 (1177777177) 711 177. 7 prope 07777- 17771771177, 1777717117 (117717111717777777177
7177177177777777. ’0777771777777 -

·- (1177777177) 711. 7. 77 1 17777177 711. nuum· (11777777) 711 (7777 oppidum) 777.
177777177,71777 71 oppid. 27777177777.17771771777777 (111711717πί77) 711 ’“
1777777777 (1177777177) 711 1777177717 (11717717) 711.

1777777777111771. 17 77111.Ρ777717777. 17771777,117717777 (1171717677) 711
17771777177, monaster. 17177777717777 777. 7177177771711777177, 17 7777 nm 771. 777.
1777177771177777 monast. 17 1777771177 777. 1771117, 711. 177. p. 77777 17771717 711.

777. 717. 17777777 (1117717777) oppidum
1777771777 (1177717) 711. 7 p. 1 1177777177 1771777771777 (1117777717 81777) dux 77771 Polo}
1777777771, (1) 711. 771. 7. 771.

1777777777 (1) 7117. p. 1. 2777777777 711. 1777177717, (11771777717 (1) 711 77107717
177777771777 (117777777177) 711 777. 777.
1777777771, Μ77777777 (1) 711 771. - 1777177777 (11171777) 711
1777777717, 711 h. 7. p. 17177 87777117 71117· Mydxwyodz (111717717177) 711
1717177 117. 777. 177717777771777 (1) 711 1ο. 77.
17 17771777770177777177777711777711717. 177717777777 (1171777777) 711

177. 1777717777 (1117177) oppidum.

177777717777 (11777177) 711. ¹ 17771711177177 John 17 mn. ’17777 117.
1777117177 (11771171) 711 7. p. 1 1717777117 777. 17777777777 (1117777767) molendinum, 7 17 1.
177777777177, 711 h. 7. p. prope 7777 nim 7111. 1117177717 117.

- Inferior 71 Superior, (11777 et 117177) 1771777777, 711 17 7. 7. prope (1771771777 111.Ι

711 7. p. 1 81777 8777 777. 777. 777-771.

- , 711 7. p. 71. 01717) 7117711717 177771777777 (1117177177) 711 ·

77. 77. . 17717777717 1177177 (1117777717 1171171711.
177777777, Μ77717777 (11777777) 711. 17717777777 (1117777177) 711 ’

17 177777717177 eustos Plooemis 177. 1771777777 (11117717) 711.

1111171111· (Mozolioe) vil. 7771777177 (1) 711 7 p. 1. 7717717 117. 777. 771.
17771771777 (1171177171711. 1771717 (111111) 711.

17777777, 711. 7 p. 1 1117177777 777. 177777 (111ω7)711

1777771177, 711 7. p. 1 1777771777 (7777 7 p. 1 1777777777· (111777171711.

8177177117) 777.717.177777 (1117777) 711
17771777 (1) 711 71717777777 (1117771711
1177777717,1177777777 (1177777711711 17777777 (1117777171. 711
1777171777, abbas ’1771777771 177. ψ 17777777 (1117777777) 711
1777717777, 1177717771 17 arm. 11777177 771. 1777717777 8777771777, judex 077777.171.
17777771777,71)1).Τ7717777. 777. 1771177, 711 77). 1. 1171777777.
1777777177 (1) 711. 7 p. 1. 111717177 777. 17771777771777 (1) 711. 711.

17711777 (1171777) oppidum. , 1777177777777 (1171177771711. 7. p. 11171777
1771177777 (1171777777) 711. , 777.

177117, oppidum 171. 177. 171-171. 117. 17777777 (11717777) 711 ἡ

17 177177 1177177777 clemens, 7771711 111177777771777117771777177) 711 7 p. 1. W

7117177 177. 77. 17.

1771777117, 711 17 7. p propo 7771 1777777177 1777177777 (1) 711 7 p. 1177177777.

777 777. 777. 1777717777 (1171171711
1777777 071777, 7111. 0. 17 1777 1777177171

17717777 777. N· ’

1777777 (167777, 711 7 p. 1 1177777 Dalm 771.
17777717, 711 771 1177777177 777. 1771777 (Nabum) arma 777. 777. 777. 777. 777.
1777777717, 711. 7 p. 1. 1171171711 (7711777. 1 711. ,

1177717717) 17. 77. Ι 1771777777 (1171777717, 1711777717) 711. 7. p. 1

17777777 (1177777 1161777) 711. Τ777171 717.
1777717777, 711 1. 7. 7.-77777 1177177177 71. 1771777777, Nabum (7) 711 777. 777.
ι 177717777177, 711. 7 p. 1. 17771717 771. 777. ,1771711777 (11711 17 11717. 0177177777 171. ¹

777. 777. , 11717777 77771). de 11777717 7777 1171717777
’ 777.

777777777777777. ’ 8

 

