w*

w

1216160166, oppid. 161. 166.
wemma, 011 h. 6. p. prope 0061010666.

121661010166, 011. 6. 0. (1.16066606(6116611. 6. 0.)
646.

- ,011 6. p. 1Κο66066 160. ·
20166666610166, 011. 6. 0. 1. Ρ1611100166 331.
Wnyochowyczo (1) 011611.
Wnyowlthowicze (3) vil. 611.

Womchowo (?) vil. 313.
W313316wkn, vil. 3. p. d. hpczki 303.
ψο)616611601166,011 3. p. (1. 11666100 406.

1061616661610, 011. h. 6. 0. 61166 8010166116 160. ⁵

Wolcimyce, vil. 3. p. (1. 81111616οἰ66 616.
1261666011. 3. p. (1. Β1661100 33.

1116011600, 011. 6. p. d. Padew 313.

1061160166, 011. 6. p. d. Siewierz (61166 6. 0. 1.

Τ610066066)06. 16.

1110166111 0611611666, custos 0111600166. 110. .

’ 1116161606, frater 0611116616 (06166616) episcopi
016661. 14. 33. ,

1260161601. 3. p. (11116166 666.

1116166011, 011. 3. p. (1. 1166161116 (6111166. p. (1.

16166166) 33. 13. 330. 333.-

10616, 1161601606111606116, vil. 3. p. d. 80666161(
303 304. 307.

- 1166116616, 0116 0. S. 1660111 116061·Ι
61611116 (nunes. 0. (1. 20100166 ad
cracoviam) 43. 30.

1661600616, 011. 6. p. 1. 1016606166

33.

1116660616011 6. p. d. 26166οἰ66
666.

1616060616, 0116 p. (1. 1111016066

..40 241.

1161066616, vil. 3. p. (1. 101610 153.

Ρ60161116, 011 6. 0.(1. 10166100 66.

33.

116161606616, 011 60 (1. 1110616001-
66 601.

(1616166606116, 111 11 6. p. 61166 600.-
011611116 166.

- 8616616, 011 6. 0 (1. Soleo 641.

- 8160116106, 011. 6. p. (1.06111111160166

801.

1061661110,οο011 334. 430.
11161166, 011 6. 0. (1. 16616 606.

·- ,011. 6. p. (1. 1616160 611. ’

- ,011. 6. 0. (110616 600.

- ,011. 6. p. d. 0111611όο 1.

- ,011 60. 1006166116.

Wolicza (1) 011. 01606 6001. 6166611661υο 333.
Wolowlcn, 1161600666 (0·0160166)-011 6. 0. (1
066161611όο 31. 33. 133. 611.
Wolwnnowieo, vil. 6. p. 3. 1161116160.
1261060110 (1161060111) 011. ’

126106, (11616) 011.

xm
3³5 ⁸
126106 (3) 343 61166 000. 8106116611 406, ·
- ,011. 3. 0. d. Zamowiec (11016 111161-
100616) 333. -
61166 866661661166 1111161616 (Wola
1106116616) 011
8661610616 (1) 011. 6. 0. (1. 0111016116-
wa 240. 218.

’ 0611160616 (Β6101616110116) 011
8166601161116116 (11616οΜ6οο016)
0066160616 (1) 011. 101. 104.
1161166116 (1) 011. 6. 0. (1. 11166160( 4. .
24. 33.

1160161616 (1) 0116 0. (1. 1160616166
343.
1616061666116 (11616 1006160616) 011
· 1161066616 (1161611011166116) 011
0611066666( 111016 Ρ61116166) 011.
866666616106116, alias Podolschany,
6106 8006660666 (11616 1116666066 ’
01006 016616611όο 3) 331. 616. ¹
- 10606106616016116,Ι1000106 WolJa
(1160006) 011.
- ³ 0111160616 (116116116οο16) 011.
12610666 (11101166) vil.
- (1) vil. 6011111116161( 403. 413.
1061600166, 011. 3. p. (1. 066161611όο 31. 33. 133.
317.
melezo, 1161600666 (1161601166) 011. 6. p. 3.
11661166 660. 343.
1116061116, 11616116, 1160. 611-41 4.
1116666110 (11016111) 011.
126066660116 (0006660016) 011.
11160666 (1100666) 011. 6. 0. (1. 81661100 33.
1260666616101666(11ὀο616660)66 011.
1260666616100666 (11601166160166)011.6.0.1.·
1111661όο406. ·
Woycmchk ow (1100616661010) 011. ,
1260661116601166, (166161. Pobog 166. .
111601616601611, 1616 1166061. 416. ’
1116061, canonicupcracov. 166.
- ,61016 8661661666. 401.
1116016100160100) 011. 6. p. (1. 16160 610.

, 2160160666116011000666 (1160160166) 011

16 21606οη00666 1116016116 et (11611116, 1061666
(166161.Το061600.

2160661116 (21606606) 011.

1116061610 (11006160) 011. 6. p. (1. 2661100 (pum
s p. d. 1116166) 660. “

1116066111116061066 (11606606) 011.

21601600668611611, 61661110 43.

Woywnnowicze (1101066οο166) 011

Woiniki, vil. h. e. p. prope 6001. 126160166

280. 800. 433. 433. ⁰
Woznyk (11616111) 011

 

