..V

81000001000000 0011 1011000011οω mamutium 811010, oppidum 04-11. 101. 104. 100. 101.
113. 138. 488. - '
81001000 (81011110) 111 - ,111 0 p. 1. 0001 811010 01. 00. '
11041001 (8100010) 111. Ι 8111001111 monast. (in 0001.811010)10. 01.

10 81000000 8100101 01 1011011. nobiles 10 nrm· 8000110 (80010) 00011010.

101010 440. 410. 10001011, 111 0 0. 1 8100001011 101. 011. 011.
8100011, 111 h. e. 0. prope 81000100100 101-100. 8111110011 18001000, 0100000. 11100001 10 1101011

- ,111 0. 01. 8111010111οη 10. 000. 100-101.

81011110, 111 0. 0. 1.80100101010001.001 110. 8110011010 101011 (1) 111 101 molendinum 01000
8100111100, oppidum 100. Μο110011100 411.
- ,111110 p. 101108100100101101110- 80010 (81010) 111.
0100100 101. 100. 100101-104. 101. 80010810001 (8101001110οἰ) 111
- ,111 in 0111101000 nonasterium 0111. 800101100100 (1) 111. 0. 0. 1. 1101000011 1. 10.
01010101. ((1 oppid. 1011001111 situm 800100 (81010)11(11.01 villu.
001001. 001. 011. 800010000 (8100000) 111
- , castrum. 0. p. (1 81001ιί01Ι sura 80000110, 111. 0. p. (1 8101111111 (nunc 0. p. 1. 11-
111. 1101000) 111. 111.

- 8101011111. e. 0. 01 000. 8110111100 801011 (1)(111 111.

111. 150. 801110, 111. h. 0. p. 01000 0001. Wolbrom 00.Ι
81001110, 111 11 0. 0. in 10110 80101100 0014. 800100ιο (80110110) 111. 001. 80000110 111111.

01. 01. 101. 100. 00001100 (0100100) 111 “, .’·

- ,111001811001001010 8000100110111001100111101101011. ‘h Ι
8100000 (8100010) 111. 80000 (81100) 000. ’
8100000011000 (8100000111οο) 111. 0. 0. 1. Dropi- 8010001001 (8100110101111

010 411. 8000000100 (1) 111. 0. 10.

81000101, oppidum. 101-104. · 8001 1101111000, 10 nrm. Ostoja, 1110011181110
81001111101110101 110100 (810001001011010) 1110. 110.

’ p. 1810001011 100. 100. - - 10 8100000, 100101. 001010, 00
8100001110 wony· (1) 111. 0. 0. 1. 8000110 100. non. (11000. 01 (1110011011. 111.-

110. - 111001000100110001010100.
8100011011οο (8100010010) 111001. 111001011ιο. - , sigismundus 1081000110, 10 arm, 0010·
81000110, 81000010 (81000110) 111 11 0. p. prope ja 100. 101.

10010 100. 004-001. 0001001, 8001000 (11101000) 111
810100 (80111) 111. 8001011 (81010110) 011111.

800800100100, vil. 0. 0111011010100144101. 8001000 (8101000) 111.

8001001000 (80010100) 111. 0. p. 1. 11101110 111. 8001000001, 8001000000 (81100000) 111
8000101110 10 arm. 811000 110. 80011110, 8001000 (81010110) 111

8010, civitas in 81000110 110. 001. 400. 400. 8001100110 Petrus, (101111.(1101011 110. 100.
800, fluv. 001. 800108100100 (1) 111 0. 0. 1. 1101000111 1. 10.
81101010, miles seu 00111110 15. 8001001 (811011) 111.

80011000, nobilis 10. 80010011, 80010010(8101000)111

80001010 (1) 111 001. 8011000 (1) 111. 00011110 000. 8111010 Nova 100.
00100(1)111.000. · - (1101001100 00. 1111010111 110.
8010100, 111. 0 p. 1. 81000101 101. - (1) 1111. 0. 1. 1100010100 100.
1011011010 woh, 111 0 01 1111001011 10. 11. 11. (10 8001000 Petrus, 10 arm. 0101011 110. 100.
8111101004 (8111111) 111. 0. 01 81011100 (mo 80010010 (811011) 111.

0 p. 1. 1100110110) 100. 111. 8000001000, 8001000010, 8000101000 (8101000οε)
8010110100 (8011011100) 111 001. 8101000611 111Ι

401. 8000100100 (1) 111 0. p. 1. 800110 010.

81111000 (8010010100 8000001110 (8111101111) 111
8011001000, 8010110000 (Bononiae) 111. 80000010001110 81011101 0011001. 111 81110111 11.
81110111 (801100) 111 0 0. d. 81101111 100. 110. 8011001110111000 (1) 111. 101. 104.
8110011110 Petu, nobilia 114. 80001100 (8100011011) 111
80000100, 8000110000, 81100010 monasterium (111 8010010110) 111 1011

, -0·.; .. 0001110010) 01-01. 10-100. 1000001κοοηωο (1) 1110 p.¹ . -
’8110111100(811111611)111 · 8001010110· (maozim) ,-

 

