'nn

1333333 (11333113) oppid. 31 vil.

1334333133 (133113) oppidum.

1311333111 (ment) oppidum.

hmzymy (13333113) 311.

1331131311 (13313133) 311

13331 8. Α631113311 (133311131113) vil. .

1333 (1133) 311

13313 Petrus, consul (13333. 113.

1334133 (beka) 311.

133133331333 (8313333133) 311.

1311133313 1333111 et Martini (kaawa) 311

13313333 (1133333) 311.

13331 (3311) vil.

133331111333γ333 (1)311. 3. p. (1.11133311133, prope
oppi. 0313333 317.

133333 (11311333, lagae (113113) 311. 3 p. 31. wok
113113133333133313113 11. 3. p.) propo Kalwyja
Zebrzydowska 100. 1113113331.

1331313131 (1133131113) 311.

13331133633, balneator 313.

- 13 1333313, 3113313133 general. ord. pne
dic. 433. ,
- ,133133 1131131131, nobilis 7. 33.

13331131, 1131331133, 1133311113, 113333, 13313, 1133111·
ko, Lestko, Leszko, Ι333111133(11333313) dux.

133133, 311. 3. p. (1. (13311333 371.

1333313 8131), (Albus) dux et 313333313333111

Polo. 00. 100. 133143. 133. 334. 333.
377. 434. 433. 413. 433.
- 03333) (Niger), dux et 1113333. regni

υη13333γ331331111331333,1333111333333 (133 Polo. 33. 133. 334. 143. 333. 333. 371. 333.

13331133) 311.
13311133133 (1133113) 311.
13311331333 (1311333133) 311
13333334 (1133343633) 311
133333333 (13333333) 311.
13313 8. 1133133 (813313) 0ppi.
133133 Urbanus 73.
1311331333, 1133333333 (1131133333) 311.
133333 (1131133) 311
133131, 11333111, 311. s. p. d. 13313 333.

. 1331313311. s. p. d. 131333133371. 373.

1331333431, 311. 3. p. 31. Ζ3133 33.
13333133, 311. 3. p. 11. (1133 8. 1333 373.
1333333 (1131133) 311.
1333313, miles, nobilis 7. 33.
1333311333, Lasszotinus (11333313, Κ33333133131)
mons 331 (133333133143. 43. 33.
1333133333333 (1133113333) 311.
131333313, 33131113 43.
1333331133, canon. cracov. 133.
- ,333133 camerarius 133.
- ,331331131133333 33.
- , - 7333313633. 33. 333.
- , magister, praeposit. monast. 1131113·
bucko 134.
1333333331 (1333363) 311.

1133 (1373) vit

'³¹00 (131333) 311·

[penny (11333333) 311. .
13311634, 311. 3. p. (1113331133 2³0.

1311311333311,Ι.311133, 3311113119. 303. 316. 347.
327. 470. 478.

131634, oppidum 317. 331. 330. 467.

[olym (1131133) arm

1333333γ33, 311. 3. p. 31. 0113333334. ¹

1333313333 1333111 (7) 311 338.

133331331333 (1333333133) 311. 3 p. 0100100
oty 200.

467. 468. , -
133331333,1133333333 (1) 311. 131. 133.
13333313 (11333331) 331113 343. 343. 373.
1331313), 311 13 3. p. prope 833311 1118113313

161. 164. 200. 220. 208.

’ de 1333331311. de 3313131133333.

1331113 (113313) 311. 3. p. (1111363313 (nunc s.

· 33131313) 133. 134. 133. 133.
. 13313133 (113313) 311. 3. p. (1.833311131333.

1133313333 (11331163) 311.

1111331634, 311. 3. p. 0. Gaj 133. 133. 134.
11313133, 311. 3. p. 0. 1113133133 133. 133.
1113331333, 311. 3. p. 0. 8333 Nowy 33. -

, Α 11311133131311311. castell. 8333111311. 333.

1163γ3) (1133131313) 311.
11333333 (1113333) 1311313 palatim 1311313133. 100.
11312ι (mae, 113333 (133113) 311.

113634, 311. 3. p. d. Trojoe 331 2331311331 311.
316.

11313, 311. 3. p. d. (13338.1333373. ¹
113133133, 311. 3. p. 0 13313336 433. 413.

113131313341303333313 3111133 3131133313
1333111433. 431.

113133, 311. 3. p. 1163333131 143.

1133133, oppidum 337. 333. -
- 111133, 311. 3. p. 0 83333133 333. 333.

1133113, 311. 3. p. 0 711131333443.

11331133 (133333133313, provincialis 3311 33333113
452.

1133333 Ρ313, 311 3 p. d. 1733113311(113113 3. p.
d. Skmysko) 413.

1133331133, 311. 33 33313. 3. p. 4111311133 73. 333.
220. 227. 228.

1133333 1133333333 (11133133) 31

11333113 13. 33. 333. 333. -

113634, 311. h. 3. p. prope opp Piotrkovioe 433.
411.

 

