LII
,ἃ

1013300100, 111. 3. p. 0110033300 135. {ee-2⁸⁸.

1011331101, 311. 0. 3. 0. intro 110003( 31 Przytyk
- ,2 7311 23740. (1. 3311333311 133. 333-333.
,111 s. p. d. 0001333241. 243.

- , 311. 3. 0. 0. Κ10030110 122. 124. 137.

(1) vil. 3. 0. d Kochow 173.
- ,111 3. 0. 0. 11133310 113. 331. 334.
391.
- ,311. 3. p. 3. 13313333 31. ‘
- ,111 3. 0. 0. 8113133133 332.
10113000003 (1303333130) 311.
10100, 111. h. e. p. prope 0001.Α11131310133. 130.
10Ιο00010, 3110. 3. 0. prope 0001Το30011 200.
10100100, 111. 3. 0. (1 Wierzbice 411. ⁸
1010010, 111. 3. p. d. Sieoieehdw 230. 232. 273.
1010003 (13133) 111.
1310003003 (13133) 111.
- (1111330313) 311.
101000030301131313 (1313313) 111.
’ 131000030330 (13133130) 111.
10100030 (1313313) 111.
1010οο300 (2313313) 111.
1013000313 (10300313) 311.
03103100300113000113, decret. 003101 133.
10130330 010013 (1113313133) amo.
1013110013 10010111. 3. 0. 0. 13000 232.
1001000030 (1331103133) 111.
10010030, agri 13 1110333030· 252.
10000001 (13031031) 311. 3. p. d. Pawlow 237.
1013033111 (1) 311. 337.
1030ιί330, Ζ31331300(13103033) 111. 3. p. d. Ζ10
13111 332. 335. 373.
10100010,1133. 122. 121125.
1030001100, 00010313 321-324. 323. 323. 473.
- 311. 3. p. d. Wysocioe 100.
1030001010, campus 13111. 01333110 413.
zarnowyecz (Zornowiec) oppid. 31311.
10300001, 311 3. p. 3331331303 22. 24.
1030000010 Nicol. 03 orm. 031013, consul 033·
303133. 33.

hey, vil. 3. p. 1. 11333313 121.
10330030, 311. 3. p. d. 1310110 343. 353.
1000301001 (13310131) 311. e p. (1 1111133043.
1003101100 (1) 311. 3. p. d. Podegrodeie 341.
1010000100ιο (1313031103) 1113. p. d. 03330100
31103 1130013 275.
1011101· (13103) oppid.
00 1011103 Ρ30133, decret. doctor 140.
1011100110 (1) 111 513.
10101, oppidum 31. 33. eso. 233. 300.
10010110 (13330113) 111. 3. p. 0. 0003333000 331.
393. 094. 398.
- , vil. 3. 0. d. 11331133 310.
- (1) 111. 3. p. d. 111003οο3137.
- ,311. 3. p. (11031011 150. 157.

1010000111. 3. p. d. Ρ33100 235. 233.

- , 311. 3. p. d. 1133013103 255. 253.
10000110, 311. 3. 0.·0. 03303101( 203. ’
1001010110 (1)111. 3 0. (1. 1100113 343.
1300100000( (1317130331), oppidum 257. 253.

ooo-315. 311. 318. 220. 335. ³³6. 460-405.
10011300, 3011303003 vil. 11013 52.

10011030 0310303111, 03 arm. 9011313317.
1001000001 (Ζ317100031) 0001.
10003030001030,Ζ30330313031333 (131003110οἰ03)

- (1) 311. 135.

1000001100, vil. 3. p. 0113313133 243.

10103000, cardinalis, episc. 0330031311. 74. 75.
103. 120. 125. 129. 134. 135. 131148.
101. 164. 225. 230. 353. 394.

- 03 10333303, 3133331333 regni Polo. 33.
1011601, 311. 3. p. d. 0113333 413-415.
1011001100, 111. e. p. 013113011011133 350.
10100001030, 101300310οι0 (Ζο130031103) 111. 3.

0111133113 33. 01. oo.

1010030, 111. 3. p. d. 003103133347.

1000003110 (10013113) 111. 3. p. d. 1131113530.

11103001 (1031011311) 311. 3. 0. 0. Β131130130 31100
1113110303 43. 43.

- (Ζο01031311) 311. 0. 3. p. prope 3001

Ρο03303 127.

1003001100, 1110. e. p. 03003 300. 0101000103

, 200. 219.

1003000110 0011331. 1013133 43. ¹
1001000030 (Ζο0303133)’111.
1030113100, 111 3. p. d. Busko 33.
100030000030 (1) 311. 253.
10003000, 311. h. 3. 0. 0133381003 Nowy 273.
20011031, vil. 3. 0. (1. dodico 33. 373. 311. 333.
396.
- (1) 311. 14. 15. 35. 33.
1003001100, 311 3. p. d. Ciorno 332. 373.
1001113, vil. 3. p. d. 0031103133 (nuno 3. 0. d.
Zakliozyn oppi.) 133.
1001130030 (1) 311 e. p. d. Koprzywnioo 335.
11131001, 1113. 0. 0. Ρ3133133 332. 333.
1031001100, 311. 3. 0. 0. 11030113 413.
103100060011, 311 3. 0. 0. 11130110 413.
103100000100, 111 3. p. d. 1311111031 314.
10003100100, 311. 3. 0. 0. Gora 8. ‚Ione 273.
10030110,0313113333300331131311. 353. “
10001110, castellanus 0311033133. 51. 51.
- ,300330 111133 013013 “410.“ ·”
- ,300013 47. ’ ”
- 3101300031 03 1101003, 1100110300 orm.
Topor 223. 234. “ ””
1017110110, 31113 0330030333. 53. ’
10103030, 111. 3. p. d 11330313 37. “ ’
1010300130 1001γο (1) 111 3. 0. 0110030301ὁο
090. 394. 398.

 

