0611166161, 611. 66. 1116611666166 666.
0611116611661, 16111616.

066666 (016116) vil. 1. 6. 6. 61666 0111161111
0163616181661, 1611116 6 16.

16 0661661661611 Albanus 61 111661 11616166
394.

0666661666611 (0166166166) vil.
Gnywyozo (1) 611 116.
06661611 soni 16 6111. 261116 161.

06661, mons 466. 446.

0666111161616 (0616016166) 611
0661661111, 616111 166,

06611, (06116 1166616111616) 611 1. e. p. propo
1166116 611. 116. 417.
- (1)61166.1Β116116166.
- ,6116 6. 1 1166166166 646.
06666 (06116) vil.
0611661 (1) 611. 467.
0616 (0616 11666116)6111. 6. 6. 61666 Son·

061661, 611 6. p. 1. [11611166 (1616 6 6. 1. 066 domim 666. 666. 611

16) 166.

06666116 (0611616) vil. 6 p. 1. 8161611666 466.

0611666111, 0611661116 (0611161116) 11111 161.
236. 463.

06661666, 611 16 6. 6. 1116311661611 61 11661161
20³. 204.

Golobyezo (06161166) 611.

0611666111 woly· (0616116616 11616) 611.

0611611666 (06161166) 611 .
- (1) vil. 6. p. 1. 16116161 466.

061161166611611661616 661.

0611611, vil. 6. p. 1. Τ161661(61166 p.' 1. Gro-
mnik) 666.

061661116, nobilis 76.

06161661 1116161, (1616166616 116166 (1) vil. 6
6. 1 1611166166 666. 664. 666.

061616616 (1) vil. 6. 16.

06161666γ611 (1) vil. 116.

0611611616 (1161661666) vil

0611661611(0611166166) 611.

0611666616 (0611166166) vil. 6. p. 1. 1616616·
1116 646. 661.

061661666661 11166 2611611611 (1116161) 611.

0616161661 (0616616616) 611.

06161161 (1) 66611111 6. p. 1. 1161661666 101106.

06161661611 (0611166166) vil.
061616ὴί111 (0616616666) vil.
06116166), 611. 1. 6. p. prope 11611661 64. 66.
105.
06161161, 611 6. p. 1 8611611161 466.
0616111161, vil. 1. 6. d. 0611166 611.
06161166111 111616 611 6 6. 1116161411.
0611661161, vio 6 6. (1. 1616616116 646. 660.
- ,611661 1116116111(11161.6.1
11161166166) 114.
061611666, 611 e 61 116111611616 166.
0616166161, vil. 1. 6. 1. 11116611 161.
0661611 (1) loono 667.
066661 (0111661111.
0616 alias 01611661 (0611 S. Jm, 61 81616116·
66)6ἰ1166.116611616166661
16161661 676-116. ooo.
- ,61166111161161166
- (0616 simiorum-vil. 6. 6. 11 Sino·
116 66. 76. .

0666166116 01161, 6166111 166.
06661161666116. p. d. 11111161 117. 111.
0661161111 (0611661616) 611. 6. 6. 1. 0161111-
061111636111611 1. e. p. 61666 11661666 461.

p] 28⁴, vil. 6. p. d. Β11611166 61666 11161161·
06166, 611 s. p. d. 0116661 411.

0616166616 (06616166) 611. eps

06661 Gregorius, civis 16111111 466. Γ

0616166166 (1) vil. 437. ’Ψ “

061611611661 (0666116166) vil. h. 6. 6. 61116116Ι
11061101 815. 319.

0661661116116166161616, provincialis ordi. 6166116.
412.

0661161611 (0661616166) 6116. 6. d wieruho-
6166166 167.

06111616,06616616 (0611166) 611

06166111, pratum in vil. 0661166166 1111111,
111166 164.

061161, 06611116 (1) 611 6. p 116166141146.

06116161, 6116. 6. 1. 1616616116 661.

0611616 dow (0616116166) 611 616. 611.

0611611611 (0661666) 611 1 61. 161611661111.

Goudzyoonky 16 6111 1161166 676.

0611116 (06661) 611 6 6. 1 0116661 411.

06611616, Goszlyoze (0611166) 611

06111611οωί66 (0111116πί66) vio

0611661616611616 (1111611166) vil. 6 611116·
61666 16.

0661661116 (066611611111 ι p. 1. 0161611417.

06111611 (0611166) 611. h. o. p prope 1111166166
1110, 310. 666-666.666.616.

0111111161, 16616161 611111 1666161111 S. 0111·
eisin cracovia 66.

0616111161, onnon. cracov. 166. ,

06161, capellanus episcopi (116166. 166.

0611166, 611 6 6. 1 6161616616 116.

· 06111661, vil. 6. 6. 1. 8616161611 146.

06116161, 611 6 6. 1 11616616 111. 166. 664.

06116611, 611 6. 6. 6. 0166661666 166. 166.

onom (66166 vo»

0116661 (1111116) 111, 61161 161166 411.ι

omnum, 01111111616-0111116611616 piu:
66666611101116161111161161176.

 

